data size: 30
STACK( 1): 383 
STACK( 2): 383 886 
STACK( 3): 383 886 777 
STACK( 4): 383 886 777 915 
STACK( 5): 383 886 777 915 793 
STACK( 6): 383 886 777 915 793 335 
STACK( 7): 383 886 777 915 793 335 386 
STACK( 8): 383 886 777 915 793 335 386 492 
STACK( 9): 383 886 777 915 793 335 386 492 649 
STACK(10): 383 886 777 915 793 335 386 492 649 421 
STACK(11): 383 886 777 915 793 335 386 492 649 421 362 
STACK(10): 383 886 777 915 793 335 386 492 649 421 
STACK(11): 383 886 777 915 793 335 386 492 649 421 690 
STACK(10): 383 886 777 915 793 335 386 492 649 421 
STACK(11): 383 886 777 915 793 335 386 492 649 421 763 
STACK(12): 383 886 777 915 793 335 386 492 649 421 763 926 
STACK(13): 383 886 777 915 793 335 386 492 649 421 763 926 540 
STACK(14): 383 886 777 915 793 335 386 492 649 421 763 926 540 426 
STACK(13): 383 886 777 915 793 335 386 492 649 421 763 926 540 
STACK(14): 383 886 777 915 793 335 386 492 649 421 763 926 540 736 
STACK(13): 383 886 777 915 793 335 386 492 649 421 763 926 540 
STACK(14): 383 886 777 915 793 335 386 492 649 421 763 926 540 368 
STACK(15): 383 886 777 915 793 335 386 492 649 421 763 926 540 368 567 
STACK(16): 383 886 777 915 793 335 386 492 649 421 763 926 540 368 567 429 
STACK(17): 383 886 777 915 793 335 386 492 649 421 763 926 540 368 567 429 782 
STACK(18): 383 886 777 915 793 335 386 492 649 421 763 926 540 368 567 429 782 530 
STACK(19): 383 886 777 915 793 335 386 492 649 421 763 926 540 368 567 429 782 530 862 
STACK(18): 383 886 777 915 793 335 386 492 649 421 763 926 540 368 567 429 782 530 
STACK(17): 383 886 777 915 793 335 386 492 649 421 763 926 540 368 567 429 782 
STACK(16): 383 886 777 915 793 335 386 492 649 421 763 926 540 368 567 429 

